&DLY=0,
&TLE=Moon,
&ART=Moodent,
&DES=Seanangle,
&RAL=8,

| Jsean Wiki                                              |
| <- 這是註解 ->                                       |
| xxx# 指 xxx BPM                                      |
| ( ) 括號 就是方便看得而已並沒有實際作用|
| xxx/ 指 xxx分 如：4/ 表示4分(音符)|
| Tap 就是數字                                          |
| Hold 的語法是 h<4/ 1> (四分的一拍) 或 h<0.25> (0.25秒)|
| * 指雙壓												|
|<> :音符屬性											|

(240#,4/,)
2,4,2,4,2,4,2,4,2,4,2,4,2,4,2,4,2,4,2,4,2,4,2,4,2,4,2,4,2,4,2,4,
0,6,0,6,0,6,0,6,0,6,0,6,0,6,0,6,0,6,0,6,0,6,0,6,0,6,0,6,0,6,0,6,
2,4,2,4,2,4,2,4,2,4,2,4,2,4,2,4,2,4,2,4,2,4,2,4,2,4,2,4,2,4,2,4,
0,6,0,6,0,6,0,6,0,6,0,6,0,6,0,6,0,6,0,6,0,6,0,6,0,6,0,6,0,6,0,6,